OBJECTID,Shape_Length,Shape_Area,F_AREA,longitude,latitude
1,103735.555828060520000,669322448.864647030000000,669322448.864647030000000,-86.754802594648012,29.872485860050581
2,105561.531625014340000,695403270.980162140000000,695403270.980162020000000,-82.254802594677116,25.622485860077340
3,103285.140181978090000,664576645.548160310000000,664576645.548159960000000,-85.754807799541865,29.124267249260370
4,105256.230707315450000,691073638.580119490000000,691073638.580119010000000,-83.004802594324161,26.372485860099331
5,105358.783060435700000,692529957.222475890000000,692529957.222476010000000,-83.754802594459719,26.122485859935516
6,104406.998322595350000,678954125.674708600000000,678954125.674708960000000,-93.754802594337107,28.372485860150874
7,104943.812212848760000,686626283.202605250000000,686626283.202605010000000,-83.254802594450425,27.122485859725465
8,105209.887978213750000,690768956.627673750000000,690768956.627673980000000,-97.004889769079838,26.122824892798818
9,105256.230649818620000,691073637.756751300000000,691073637.756750940000000,-83.754802594629751,26.372485860057271
10,104624.166852351020000,682061831.842619060000000,682061831.842618940000000,-84.004802594464337,27.872485859999983
11,103735.555793500040000,669322448.375913380000000,669322448.375913020000000,-86.254802594607767,29.872485860029631
12,104297.179488005670000,677380925.318533540000000,677380925.318534020000000,-93.504802594449700,28.622485860052862
13,99087.112530540224000,620492551.371154190000000,620492551.371153950000000,-81.267772090544355,25.370179559078192
14,104297.179559080790000,677380926.214020130000000,677380926.214020010000000,-94.504802594364037,28.622485859931285
15,104406.998324065770000,678954125.727298500000000,678954125.727298970000000,-91.754802594686367,28.372485860188736
16,103860.505463720520000,672524304.410616870000000,672524304.410616990000000,-93.504776513043979,28.123967963125562
17,105661.734983576030000,696820214.574485300000000,696820214.574484940000000,-83.254802594583467,25.372485859873400
18,103735.555735300660000,669322447.577614550000000,669322447.577615020000000,-86.004802594486634,29.872485860115347
19,104731.525208770250000,683596286.049580100000000,683596286.049579980000000,-83.254802594829954,27.622485860082968
20,103699.418739085640000,671112588.139003990000000,671112588.139003990000000,-81.259196085598489,25.118816673622746
21,103962.730002117400000,672584232.882179980000000,672584232.882179980000000,-93.504802594855519,29.372485860098397
22,81009.722376044781000,359822593.212236640000000,359822593.212237000000000,-81.065513249549014,24.872461484530252
23,104406.998341735100000,678954125.964918380000000,678954125.964918020000000,-91.504802594704159,28.372485860268320
24,105661.735198598400000,696820217.416934250000000,696820217.416934010000000,-81.504802594440150,25.372485860088720
25,103735.555567759470000,669322445.303123000000000,669322445.303123000000000,-88.254802594687789,29.872485860146668
26,105859.819286125640000,699614574.839960810000000,699614574.839961050000000,-82.504802594649917,24.872485859981246
27,72236.676517135114000,221062107.248504880000000,221062107.248505000000000,-97.172083319866118,26.389745105916692
28,104297.179532132740000,677380925.835994480000000,677380925.835994010000000,-91.004802594391350,28.622485860291114
29,80823.598576875971000,352076582.844408690000000,352076582.844408990000000,-88.064368870469949,29.372608936393949
30,104186.531561844550000,675794859.309964180000000,675794859.309963940000000,-84.754802594719663,28.872485860092723
31,103735.555696079910000,669322447.072601080000000,669322447.072600960000000,-87.004802594705325,29.872485860124748
32,81433.597984900756000,360901403.455390990000000,360901403.455390990000000,-89.063047484760503,28.872568600375644
33,104406.998290223100000,678954125.390820260000000,678954125.390820030000000,-95.254802594487344,28.372485859988075
34,105957.707162130900000,700991943.471908810000000,700991943.471909050000000,-81.504802594390171,24.622485860044350
35,103757.822567514520000,671171465.081407670000000,671171465.081408020000000,-94.254814877872477,28.124200088300036
36,104297.179536989020000,677380925.910186290000000,677380925.910186050000000,-90.504802594538816,28.622485859978173
37,103849.566862017660000,670959721.976161480000000,670959721.976161000000000,-85.754802594363696,29.622485860006464
38,103620.691821498040000,667672436.721525550000000,667672436.721526030000000,-86.504802594817050,30.122485859981126
39,20251.124240377372000,15899715.237224314000000,15899715.237224299000000,-96.155167367677109,28.510331683610556
40,104075.050025791280000,674195954.378233080000000,674195954.378232960000000,-93.004802594781580,29.122485860158999
41,104186.531752185100000,675794861.926811220000000,675794861.926810980000000,-85.004802594602211,28.872485859973438
42,104309.413430773040000,672727843.640406130000000,672727843.640406010000000,-85.004379470121819,28.623356193011048
43,105661.735031895490000,696820215.203173520000000,696820215.203174000000000,-83.504802594615199,25.372485860065066
44,90148.449989806148000,413399760.698112490000000,413399760.698112010000000,-82.302279884316206,26.609380012681655
45,101977.006832652990000,626611877.786909820000000,626611877.786910060000000,-97.244070505230582,26.876885745612956
46,104406.998341235070000,678954125.980184670000000,678954125.980185030000000,-83.754802594197258,28.372485860084204
47,104624.166806455730000,682061831.309761880000000,682061831.309762000000000,-96.254802594593187,27.872485860016919
48,119849.203847409620000,658619990.560576440000000,658619990.560575960000000,-89.507527979749113,28.870284889202743
49,105460.548968912440000,693973178.531416890000000,693973178.531417010000000,-82.254802594722022,25.872485860131420
50,106054.830611616840000,702356080.266639470000000,702356080.266638990000000,-82.004802594615839,24.372485860002300
51,103735.555612863320000,669322445.966539620000000,669322445.966539980000000,-84.004802594458084,29.872485860326318
52,104186.531562769350000,675794859.402447220000000,675794859.402446990000000,-93.254802594704117,28.872485860193663
53,79358.178935922595000,336899453.369544150000000,336899453.369544030000000,-83.940116281732571,25.122532208056775
54,103849.566951344080000,670959723.190168260000000,670959723.190168020000000,-83.754802594493341,29.622485860309816
55,103925.157538696830000,673346042.191705470000000,673346042.191704990000000,-95.254829374138239,28.123821790676949
56,105256.230698914120000,691073638.456303120000000,691073638.456303000000000,-83.504802594666202,26.372485860127668
57,104186.531708422700000,675794861.327325220000000,675794861.327324990000000,-83.504802594670466,28.872485860051963
58,105358.783252191340000,692529959.779230360000000,692529959.779230000000000,-83.504802594817917,26.122485860005938
59,104289.728109514530000,678119929.450895310000000,678119929.450894950000000,-96.004811997206701,27.623486137682075
60,104624.166757124130000,682061830.614441390000000,682061830.614441040000000,-96.754802594743339,27.872485860096777
61,103980.587958897590000,674123772.804568890000000,674123772.804569010000000,-93.004789044833728,28.123676907064294
62,103849.566881595940000,670959722.288592580000000,670959722.288593050000000,-88.254802594508163,29.622485860079898
63,78580.529672708653000,321547222.378153920000000,321547222.378153980000000,-85.439278467670917,28.872285500073225
64,104297.179602302900000,677380926.831850170000000,677380926.831850050000000,-94.754802594557702,28.622485859912590
65,78829.008094888879000,375652663.561780510000000,375652663.561780990000000,-86.751633889309559,30.318119899843524
66,104943.812240583440000,686626283.509760140000000,686626283.509760020000000,-96.754802594325994,27.122485860394200
67,104406.998313965380000,678954125.611655000000000,678954125.611655000000000,-92.004802594734329,28.372485860215523
68,55261.684021697249000,150488874.622931780000000,150488874.622931990000000,-84.214791568294189,30.039357437585636
69,104515.992636512690000,680514436.377509710000000,680514436.377509950000000,-84.254802594409597,28.122485860095210
70,104186.531636405140000,675794860.368159770000000,675794860.368160010000000,-90.004802594632537,28.872485860133882
71,104297.179500582540000,677380925.585372330000000,677380925.585371970000000,-83.754802594466526,28.622485859930062
72,78996.014898764697000,327855761.568572700000000,327855761.568573000000000,-84.940162932981195,28.372448726728759
73,106101.919267962960000,703071293.239702700000000,703071293.239703060000000,-81.504793163070005,24.122598664119963
74,105761.162989171610000,698223990.011570220000000,698223990.011569980000000,-81.504802594320395,25.122485860090851
75,103620.691847053240000,667672437.084239360000000,667672437.084239010000000,-87.254802594708380,30.122485860269361
76,105048.749258660110000,688121777.859456900000000,688121777.859457020000000,-97.004802594597834,26.872485860207977
77,104075.050004689780000,674195954.039153100000000,674195954.039152980000000,-94.254802594640466,29.122485859823485
78,105358.783164426310000,692529958.649066570000000,692529958.649067040000000,-83.004802594419871,26.122485860073926
79,105358.783383999090000,692529961.581402780000000,692529961.581403020000000,-83.254802594610865,26.122485860091167
80,104624.166690145230000,682061829.738537550000000,682061829.738538030000000,-83.254802594567153,27.872485860224309
81,103962.730061615220000,672584233.430852650000000,672584233.430853010000000,-85.254802594712189,29.372485859997287
82,103152.538620965350000,662639348.452457550000000,662639348.452458020000000,-87.504791468754831,29.624055911514318
83,103855.027805137290000,666756200.003070710000000,666756200.003070950000000,-88.005224206317408,29.623280277653041
84,63446.415559551991000,132414863.702450500000000,132414863.702450010000000,-92.233337322658031,29.525204823439942
85,103802.611998938810000,671319375.192455290000000,671319375.192455050000000,-89.504883941060655,28.623602976619328
86,103620.691828521430000,667672436.885482670000000,667672436.885483030000000,-86.754802594910316,30.122485860025701
87,105859.819200729120000,699614573.726459500000000,699614573.726459980000000,-83.754802594600420,24.872485860161543
88,106027.828532010350000,702115526.521311400000000,702115526.521311040000000,-82.254793150475180,24.122768276773133
89,106054.830542856800000,702356079.260549310000000,702356079.260548950000000,-82.254802594872970,24.372485860059182
90,101274.648263652290000,658850363.220272780000000,658850363.220273020000000,-86.006213310207116,30.120951509514999
91,96016.117573190553000,542916982.683220150000000,542916982.683220030000000,-83.767928853300347,29.852408712906737
92,105761.163079551200000,698223991.148864030000000,698223991.148864030000000,-82.504802594492332,25.122485860152132
93,75356.107030217536000,298651753.575261830000000,298651753.575262010000000,-84.478219181805741,29.811793745092302
94,103962.729960103080000,672584232.116374490000000,672584232.116374020000000,-93.754802594669499,29.372485860261651
95,103849.566887321590000,670959722.302852030000000,670959722.302852030000000,-84.004802594346103,29.622485860213626
96,103218.655421170140000,663371531.394306780000000,663371531.394307020000000,-87.004785813775698,29.623915801659816
97,104075.050015583080000,674195954.136185170000000,674195954.136185050000000,-92.004802594390398,29.122485859918378
98,104186.531632561920000,675794860.479600670000000,675794860.479601030000000,-94.754802594541971,28.872485859802119
99,104980.515750171250000,687867735.172755120000000,687867735.172755000000000,-96.754890134516074,26.123346516056245
100,104297.179411151980000,677380924.384676340000000,677380924.384675980000000,-92.004802594631968,28.622485859963351
101,104186.531582484850000,675794859.680082200000000,675794859.680081960000000,-92.254802594375008,28.872485859998758
102,104186.531738987950000,675794861.753959890000000,675794861.753960010000000,-90.504802594693899,28.872485860112434
103,55894.130028276573000,88950691.811707452000000,88950691.811707497000000,-87.476676368067274,30.266746772759461
104,105859.819339548090000,699614575.577434180000000,699614575.577433940000000,-81.504802594314825,24.872485860255985
105,104838.072274105740000,685117778.212362170000000,685117778.212362050000000,-83.504802594521692,27.372485859876761
106,104186.531642212590000,675794860.421710130000000,675794860.421710010000000,-94.004802594607952,28.872485859731427
107,104838.072138007500000,685117776.413689260000000,685117776.413689020000000,-96.754802594444925,27.372485860352231
108,105358.783152602610000,692529958.521854400000000,692529958.521854040000000,-82.504802594677273,26.122485860145449
109,104075.050076954610000,674195955.011934280000000,674195955.011934040000000,-93.754802594659779,29.122485860113148
110,105460.548881563100000,693973177.384134530000000,693973177.384135010000000,-83.254802594680811,25.872485860053917
111,103735.555732848780000,669322447.544415710000000,669322447.544415950000000,-87.254802594771675,29.872485859939204
112,75348.073430974720000,204486217.989538340000000,204486217.989538010000000,-89.203573974517397,29.388051198753423
113,80171.455919177737000,309097476.193098720000000,309097476.193099020000000,-81.313274357081411,25.591008786189455
114,104943.812104903690000,686626281.731150980000000,686626281.731150980000000,-82.754802594909506,27.122485859926435
115,106054.830431159590000,702356077.817463160000000,702356077.817463040000000,-81.754802594362133,24.372485859966051
116,65657.271545997821000,189188852.801775310000000,189188852.801775010000000,-84.025578048438248,30.037391998087227
117,104075.049955089930000,674195953.444054720000000,674195953.444054960000000,-91.504802594650329,29.122485859955557
118,79522.646364172033000,337202796.800293210000000,337202796.800293030000000,-83.940925165576274,26.622532005034017
119,79444.515813798440000,337086077.596347150000000,337086077.596346970000000,-83.940519340124482,25.872532092695799
120,80543.380642266464000,353613312.190389990000000,353613312.190389990000000,-95.564570681402444,27.623469783903108
121,104406.998329081860000,678954125.735773210000000,678954125.735772970000000,-95.754802594643905,28.372485860356232
122,105761.162909900460000,698223988.863275050000000,698223988.863275050000000,-82.254802594544714,25.122485860011469
123,103735.555647466900000,669322446.404956460000000,669322446.404955980000000,-86.504802594520015,29.872485859909023
124,103962.729955414820000,672584232.275510310000000,672584232.275509950000000,-93.254802594586181,29.372485860088183
125,79553.871115554823000,340599801.866639850000000,340599801.866639970000000,-83.440420854483051,24.372710386049175
126,103962.729982309320000,672584232.597627640000000,672584232.597628000000000,-92.754802594588568,29.372485859818820
127,104406.998362556520000,678954126.142730590000000,678954126.142730950000000,-92.504802594499395,28.372485860182724
128,104624.166813355890000,682061831.302192930000000,682061831.302193050000000,-84.254802594824270,27.872485860131889
129,105561.531559841070000,695403270.176745060000000,695403270.176745060000000,-83.504802594474924,25.622485859844861
130,103962.729974379650000,672584232.432437420000000,672584232.432436940000000,-92.254802594535377,29.372485860069443
131,103735.555814114470000,669322448.594171760000000,669322448.594172000000000,-85.754802594389872,29.872485860119646
132,103993.009254852560000,674069687.502512220000000,674069687.502511980000000,-91.504802943549990,28.123668325627545
133,60999.287450549818000,118459941.344608100000000,118459941.344607990000000,-90.741694746396860,29.020472817747642
134,103376.607990016900000,665690273.363244770000000,665690273.363245010000000,-88.254825804592286,29.124061002235305
135,104186.531657502780000,675794860.741922140000000,675794860.741922020000000,-93.004802594709119,28.872485860254606
136,78222.798405919020000,323639142.950292530000000,323639142.950293000000000,-84.939753735128647,27.624223677884064
137,105561.531410134430000,695403268.119164710000000,695403268.119164940000000,-81.754802594555585,25.622485860206851
138,103181.796742636390000,662876313.435236690000000,662876313.435237050000000,-87.254791474546735,29.623989994979997
139,104406.998394291790000,678954126.722712760000000,678954126.722712990000000,-90.754802594717248,28.372485859944245
140,104943.812011368170000,686626280.437348130000000,686626280.437348010000000,-83.004802594548153,27.122485860009004
141,105152.887372780970000,689604236.942677020000000,689604236.942677020000000,-83.754802594613906,26.622485860074057
142,79067.004759783696000,336097544.398445430000000,336097544.398445010000000,-83.439766859040844,24.123261157282865
143,104406.998285817000000,678954125.261991740000000,678954125.261991980000000,-94.254802594337320,28.372485859834509
144,81025.869037973360000,358169704.961658060000000,358169704.961658000000000,-96.565017635957631,26.372464260704216
145,104075.050035557330000,674195954.524319290000000,674195954.524319050000000,-92.754802594572809,29.122485860193407
146,104186.531759190150000,675794862.024680850000000,675794862.024680970000000,-93.754802594518196,28.872485860011704
147,96729.319957936750000,324342927.499395730000000,324342927.499396030000000,-83.009108059608934,29.061115843625402
148,104075.049842643510000,674195952.001628640000000,674195952.001628990000000,-84.254802594716907,29.122485860064256
149,105048.749040597070000,688121775.039838190000000,688121775.039837960000000,-83.504802594776422,26.872485860051800
150,104297.179358471350000,677380923.617125870000000,677380923.617125990000000,-84.754802594559919,28.622485860015505
151,80505.902954813733000,352870914.650337930000000,352870914.650337990000000,-90.064359440466944,28.123785016695678
152,103392.411239060140000,665445093.962050560000000,665445093.962051030000000,-86.254779651355761,29.623515620044550
153,104186.531750476630000,675794861.851208690000000,675794861.851209040000000,-83.754802594901392,28.872485859886407
154,103822.122418145580000,671970792.617667080000000,671970792.617666960000000,-94.754814863889194,28.124054708231789
155,104075.049858661280000,674195952.155996080000000,674195952.155995970000000,-83.504802594843369,29.122485859928034
156,69834.381267641293000,194973016.220752660000000,194973016.220753010000000,-95.466704354695096,28.793606534128763
157,65372.884814564371000,123964140.437554460000000,123964140.437554000000000,-96.448127454983165,28.285403287787911
158,104943.812119066980000,686626281.819746020000000,686626281.819746020000000,-83.754802594498088,27.122485860028259
159,104714.385299830940000,679306029.649422410000000,679306029.649422050000000,-84.504416339825767,27.623283249203123
160,104406.998388145850000,678954126.523271560000000,678954126.523272040000000,-91.254802594569739,28.372485860104444
161,89014.853557520051000,435048959.516981960000000,435048959.516982020000000,-94.984431972176978,29.084592955654418
162,71947.201822231989000,224928751.598028510000000,224928751.598028990000000,-81.538790484042707,25.797057735873910
163,95094.515193520288000,529863216.922758100000000,529863216.922757980000000,-95.741999081412061,28.598348624484647
164,106054.830658866240000,702356080.821960810000000,702356080.821961050000000,-81.254802594776294,24.372485859956708
165,103735.555814606090000,669322448.653565880000000,669322448.653566000000000,-88.004802594776777,29.872485860123792
166,59713.995249340485000,133129694.670619040000000,133129694.670619000000000,-92.040980931779231,29.528834140606623
167,128444.131056840010000,686622292.654462580000000,686622292.654463050000000,-97.004802720416379,27.122486567821170
168,104406.998342130440000,678954126.047107340000000,678954126.047106980000000,-96.004802594743055,28.372485860222593
169,105152.887165767910000,689604234.250926970000000,689604234.250926970000000,-96.754802594775114,26.622485859903868
170,97230.734114243198000,625541776.348952290000000,625541776.348952050000000,-88.752242121219794,30.121516013549297
171,105256.230625601880000,691073637.506039620000000,691073637.506039980000000,-83.254802594543008,26.372485859936475
172,104075.050004195740000,674195954.028580190000000,674195954.028579950000000,-94.004802594758004,29.122485860036569
173,104406.998287765450000,678954125.214946750000000,678954125.214946990000000,-93.004802594790263,28.372485860068483
174,104515.992540033180000,680514434.948029990000000,680514434.948029990000000,-83.754802594494763,28.122485860154356
175,105133.569493651650000,667670644.151746990000000,667670644.151746990000000,-87.004802611244727,30.122486002158695
176,104186.531732743930000,675794861.728111740000000,675794861.728111980000000,-92.504802594643152,28.872485859882087
177,104406.998267864620000,678954125.032814980000000,678954125.032814980000000,-94.004802594339893,28.372485860044371
178,104943.812191284520000,686626282.857222440000000,686626282.857221960000000,-83.504802594700010,27.122485859861047
179,105761.162887741400000,698223988.610754250000000,698223988.610754010000000,-83.004802594754196,25.122485860073123
180,103988.428362986070000,674107822.076118950000000,674107822.076118950000000,-90.254802943398161,28.123678694183472
181,103809.264390777880000,672522315.013971920000000,672522315.013972040000000,-83.504812266714069,29.372476072648464
182,104406.998408817530000,678954126.814814450000000,678954126.814813970000000,-93.504802594415480,28.372485860110586
183,104186.531671570420000,675794860.891271110000000,675794860.891271000000000,-94.254802594684492,28.872485859951301
184,104036.977229102220000,674987006.622242330000000,674987006.622241970000000,-84.754793939093744,27.624058387252894
185,97568.700732609737000,565669328.677270050000000,565669328.677270050000000,-85.519694752153043,29.864486968260813
186,80215.618951398137000,368848878.839904430000000,368848878.839904010000000,-86.507597611389841,30.316813555044899
187,105761.162987443340000,698223989.935824630000000,698223989.935824990000000,-81.754802594680825,25.122485860135679
188,105661.734990588460000,696820214.628965850000000,696820214.628965970000000,-82.254802594588270,25.372485859853345
189,104515.992531106010000,680514434.847198490000000,680514434.847198010000000,-84.004802594366907,28.122485860183094
190,103962.730023663870000,672584233.011183500000000,672584233.011183980000000,-84.254802594568275,29.372485859876186
191,103949.163788762480000,672583232.745933180000000,672583232.745933060000000,-92.004802659179447,29.372485795656999
192,104838.072253851210000,685117777.916005730000000,685117777.916005970000000,-83.254802594640253,27.372485859826753
193,103833.283323301640000,668471893.249157670000000,668471893.249158020000000,-86.004567451471090,29.622968009066845
194,99254.765732816755000,622964947.345125440000000,622964947.345124960000000,-82.764226855651145,27.364176296787669
195,104075.049896852040000,674195952.739024280000000,674195952.739024040000000,-84.504802594525287,29.122485859865535
196,25044.881141936152000,30395123.390062593000000,30395123.390062600000000,-89.915312487557813,29.265376124490377
197,105957.707294642520000,700991945.257160900000000,700991945.257161020000000,-81.754802594341129,24.622485859793386
198,105048.749012214450000,688121774.604388710000000,688121774.604388950000000,-83.754802594578791,26.872485859959912
199,105256.230728328010000,691073638.824437740000000,691073638.824437980000000,-82.504802594394050,26.372485859999042
200,105460.548793036490000,693973176.168836590000000,693973176.168836950000000,-82.504802594535022,25.872485860252088
201,105761.162969047570000,698223989.657940270000000,698223989.657940030000000,-83.254802594596427,25.122485860187091
202,104297.179551607640000,677380926.159078960000000,677380926.159078960000000,-91.504802594600747,28.622485860290610
203,104406.998348403940000,678954126.146737930000000,678954126.146738050000000,-83.254802594755574,28.372485859935825
204,106054.830736485560000,702356081.774904850000000,702356081.774904970000000,-82.754802594312906,24.372485860035901
205,103849.567015286990000,670959724.063100220000000,670959724.063099980000000,-84.254802594417683,29.622485860164826
206,104624.166688456580000,682061829.646510720000000,682061829.646510960000000,-95.754802594618070,27.872485859862987
207,100127.328780684140000,517276131.366646590000000,517276131.366647010000000,-82.783442243818897,28.617231357004460
208,87762.972817408445000,372409819.361804780000000,372409819.361805020000000,-82.811124723171460,27.622300962367742
209,104186.531585583390000,675794859.887357950000000,675794859.887357950000000,-91.254802594625403,28.872485860034757
210,105358.783088494330000,692529957.694707630000000,692529957.694707990000000,-82.254802594639955,26.122485859948188
211,80965.203145416264000,357037106.539322850000000,357037106.539322970000000,-96.565084912831068,26.622464165485368
212,42998.377148172389000,60102763.566478543000000,60102763.566478498000000,-91.351984584765617,29.292943051594801
213,105561.531608950580000,695403270.711401940000000,695403270.711402060000000,-82.504802594451846,25.622485860094486
214,104297.179534911610000,677380925.984245180000000,677380925.984244940000000,-90.254802594443774,28.622485859783033
215,103331.798918695330000,664691888.246535180000000,664691888.246534940000000,-86.504779626075333,29.623652144259751
216,80402.998339349899000,264790259.895208060000000,264790259.895208000000000,-88.955119596136967,29.570270082801702
217,78160.760025796641000,321396272.804249760000000,321396272.804250000000000,-85.439851214314032,28.623821939015325
218,103055.998753488210000,681390214.348376750000000,681390214.348376990000000,-82.505936589565223,26.871395738253796
219,105661.735094591600000,696820216.014847640000000,696820216.014847990000000,-83.004802594608421,25.372485860100127
220,104406.998451087620000,678954127.325637820000000,678954127.325638060000000,-84.754802594775313,28.372485860009494
221,67662.885423945088000,176239902.760167060000000,176239902.760167000000000,-97.174701798512757,27.577264399051678
222,36958.517630434239000,43921995.839962587000000,43921995.839962602000000,-83.607379024362416,29.789830522651879
223,105460.548979108370000,693973178.667154430000000,693973178.667153950000000,-82.004802594492432,25.872485860140465
224,104186.531631680690000,675794860.383496520000000,675794860.383497000000000,-83.004802594362360,28.872485859980262
225,8537.828003299549900,2425351.389515126100000,2425351.389515129800000,-81.126214129552309,25.357820105738842
226,103989.340548940760000,674024478.567368630000000,674024478.567368980000000,-90.504802943470523,28.123676620408922
227,104515.992519447680000,680514434.728832480000000,680514434.728832010000000,-83.004802594202630,28.122485860194114
228,103962.730058110380000,672584233.480772970000000,672584233.480772970000000,-88.504802594539868,29.372485860118417
229,104186.531593801630000,675794859.782780890000000,675794859.782781000000000,-92.754802594649519,28.872485860112519
230,105957.707150553440000,700991943.357689140000000,700991943.357689020000000,-82.254802594847305,24.622485859977839
231,103962.730166160820000,672584234.888826370000000,672584234.888826010000000,-88.254802594415409,29.372485860027709
232,105761.162887234390000,698223988.611401680000000,698223988.611402030000000,-83.754802594451789,25.122485860125259
233,1845.796180573553100,60864.982994284743000,60864.982994284699000,-91.870713617180201,29.497880933534155
234,104186.531589985100000,675794859.843743560000000,675794859.843744040000000,-83.254802594640054,28.872485860230682
235,103735.555816549180000,669322448.576747180000000,669322448.576746940000000,-87.504802594664852,29.872485860005831
236,103990.257659080100000,674035779.907390590000000,674035779.907390950000000,-90.754802943696973,28.123674546705150
237,105561.531737149310000,695403272.520365120000000,695403272.520365000000000,-83.004802594693217,25.622485860212411
238,104075.049822294460000,674195951.711499090000000,674195951.711498980000000,-85.254802594412155,29.122485860004129
239,79327.552238909178000,336821192.360499500000000,336821192.360499980000000,-83.939982417750684,24.872532095553332
240,4012.496827163588900,613794.167088202200000,613794.167088201970000,-95.634765274396997,28.750025043108064
241,104075.049960359900000,674195953.554679270000000,674195953.554679040000000,-85.004802594613238,29.122485860041323
242,105048.749183024310000,688121776.949460980000000,688121776.949460980000000,-83.254802594537765,26.872485860098866
243,104406.998249830650000,678954124.766156200000000,678954124.766155960000000,-90.504802594477610,28.372485859851093
244,104186.531726234850000,675794861.648338790000000,675794861.648339030000000,-84.504802594730307,28.872485860186671
245,79428.728256815521000,176527629.770252470000000,176527629.770251990000000,-82.840868117319417,28.144045283785765
246,32330.692925598742000,47724685.645366497000000,47724685.645366497000000,-85.598781070146856,30.030000510366328
247,105859.819288851960000,699614574.928124670000000,699614574.928125020000000,-83.504802594460529,24.872485860132439
248,105561.531647073890000,695403271.288530110000000,695403271.288529990000000,-82.754802594288336,25.622485860207636
249,106077.222303684540000,702752703.272111770000000,702752703.272112010000000,-81.754793158677955,24.122655201982202
250,104725.386023055810000,681351002.605273600000000,681351002.605273960000000,-96.505029663245622,27.622915045793658
251,103437.581928312410000,666432785.774050710000000,666432785.774050950000000,-88.504825778897853,29.123923495838678
252,89539.609003854799000,396322777.418084260000000,396322777.418084030000000,-96.962463546707141,27.845766362687616
253,28304.253070518527000,33970605.025260665000000,33970605.025260702000000,-95.161227672849876,29.019745609963444
254,61149.183976061948000,156818488.603277650000000,156818488.603278010000000,-82.335397659534024,26.819110178211020
255,77757.818173929962000,316158684.606683370000000,316158684.606683020000000,-85.939259042515900,29.124293674071776
256,103874.401317710540000,682473597.682843090000000,682473597.682842970000000,-97.004606739309736,27.622292443776541
257,101677.805014600690000,600679772.840830800000000,600679772.840831040000000,-91.758837001392138,29.359606542088436
258,103962.730096306000000,672584234.030345560000000,672584234.030346040000000,-84.004802594666373,29.372485860123682
259,104075.049885702300000,674195952.431500910000000,674195952.431501030000000,-93.254802594594693,29.122485860150203
260,62401.737667881622000,160746568.032765540000000,160746568.032766010000000,-92.515818030418373,29.528134136572806
261,104246.610857956050000,676774336.719898700000000,676774336.719899060000000,-90.004880330090884,28.622616843795559
262,5803.011960021934100,174279.512649318760000,174279.512649318990000,-88.147407528795867,30.247821117827556
263,62053.055320873238000,88979868.778656900000000,88979868.778656900000000,-97.147269219307660,26.143570717670244
264,103588.390605056380000,668695109.860523940000000,668695109.860524060000000,-89.254884259718750,28.624086691566596
265,103962.730071230540000,672584233.708396910000000,672584233.708397030000000,-88.754802594653995,29.372485859983652
266,104624.166783666880000,682061830.818035840000000,682061830.818035960000000,-84.504802594585527,27.872485859802669
267,84260.923830691914000,456396440.880053700000000,456396440.880054000000000,-94.003059883177784,29.582647508265456
268,106054.830574312170000,702356079.610104320000000,702356079.610103960000000,-82.504802594566797,24.372485860130872
269,103993.926304680890000,674080988.173894050000000,674080988.173894050000000,-91.754802943693761,28.123666251922650
270,104406.998317793860000,678954125.678675060000000,678954125.678675060000000,-94.504802594396224,28.372485859951329
271,84751.668533175820000,313749218.504030880000000,313749218.504031000000000,-85.001632763494030,29.557322392210263
272,104186.531518177010000,675794858.914217000000000,675794858.914217000000000,-95.004802594670977,28.872485859977843
273,92354.781801810299000,522710536.549105350000000,522710536.549104990000000,-82.004725206344546,26.342703933268673
274,7486.625541058551800,1362517.056629509200000,1362517.056629509900000,-87.640792756293592,30.250069463383717
275,85247.546903805836000,357271815.694142700000000,357271815.694143000000000,-82.812050608672479,28.863010302331741
276,122933.614291778040000,665084716.850255970000000,665084716.850255970000000,-97.250991440403126,27.120435675130793
277,8568.181711166891500,2812610.497093656600000,2812610.497093659800000,-83.866388266744977,30.001871386473461
278,104186.531560982970000,675794859.475571160000000,675794859.475571040000000,-91.004802594418820,28.872485860271524
279,80903.902530963082000,355898616.275264500000000,355898616.275264980000000,-96.565152311860729,26.872464140445722
280,104406.998351054880000,678954126.035467390000000,678954126.035467030000000,-84.504802594698944,28.372485859823435
281,104075.050047654980000,674195954.582944150000000,674195954.582944040000000,-92.254802594399251,29.122485860055168
282,104838.072325632700000,685117778.895066260000000,685117778.895066020000000,-84.254802594390668,27.372485859877546
283,62886.204590090638000,168934695.413170930000000,168934695.413170990000000,-90.514484319545062,29.030082607956114
284,14138.427967604239000,8672118.837371746100000,8672118.837371749800000,-96.893500271418915,28.010396796492270
285,104731.525310658310000,683596287.470629930000000,683596287.470630050000000,-83.004802594830878,27.622485860238719
286,104731.525010809350000,683596283.521249770000000,683596283.521250010000000,-96.754802594604200,27.622485860242559
287,2287.434099909583000,203896.101954769520000,203896.101954770010000,-81.378017793228224,25.749771826991939
288,104297.179501463310000,677380925.448210720000000,677380925.448210950000000,-94.254802594492617,28.622485859814656
289,104297.179530337630000,677380926.015474080000000,677380926.015473960000000,-92.504802594614588,28.622485860169284
290,103749.819164948700000,671019339.255091190000000,671019339.255090950000000,-94.004796799144003,28.124246550828627
291,104186.531542892160000,675794859.113147260000000,675794859.113147020000000,-90.754802594628671,28.872485860270864
292,104624.166678866080000,682061829.575004700000000,682061829.575005050000000,-96.004802594387513,27.872485859956498
293,78547.086932746417000,326770650.852694870000000,326770650.852694990000000,-84.439808391884753,27.123429404934118
294,79497.605044371419000,337172826.929494380000000,337172826.929494020000000,-83.940789781885385,26.372532107139197
295,103996.677716841570000,674114893.300134180000000,674114893.300133940000000,-92.504802943534983,28.123660030659938
296,104624.166669357230000,682061829.450362680000000,682061829.450363040000000,-96.504802594632181,27.872485860037038
297,103994.848842298130000,674192456.352840070000000,674192456.352839950000000,-92.004802943616070,28.123664178230165
298,79471.516654853534000,337133315.242239240000000,337133315.242239000000000,-83.940654398268435,26.122532209949330
299,73257.142789059697000,270055788.721790910000000,270055788.721791030000000,-94.234434506839420,29.551794860043184
300,103962.729995154600000,672584232.611869220000000,672584232.611868980000000,-94.254802594640324,29.372485860100703
301,70643.652101725078000,216447996.244576450000000,216447996.244576010000000,-90.235772508993250,29.040473030933203
302,97117.055125842351000,571419237.694148060000000,571419237.694147940000000,-88.507777415488675,30.104686784831181
303,104186.531625320740000,675794860.180639980000000,675794860.180639980000000,-85.254802594698603,28.872485860105670
304,105661.735194251410000,696820217.320129990000000,696820217.320129990000000,-83.754802594678196,25.372485860064053
305,78225.040306306633000,323824826.691424670000000,323824826.691425030000000,-92.771300916504600,29.560973975138499
306,50793.654493159935000,47920305.161908843000000,47920305.161908798000000,-93.245547777768891,29.758303701634524
307,106084.231600555200000,669173330.428126100000000,669173330.428125980000000,-85.504349904845625,29.123429818585450
308,90981.106099048542000,403026354.288465260000000,403026354.288465020000000,-83.294761362471959,29.349167309681700
309,104731.525183977760000,683596285.846684460000000,683596285.846683980000000,-84.004802594573562,27.622485860069098
310,104624.166752480930000,682061830.582543370000000,682061830.582543020000000,-83.004802594453835,27.872485860294095
311,104406.998328577090000,678954125.845119000000000,678954125.845119000000000,-84.254802594701033,28.372485859825396
312,102900.349767078650000,386442969.832889740000000,386442969.832889970000000,-91.031801848186944,29.084729458262199
313,105859.819196611120000,699614573.627749800000000,699614573.627750040000000,-81.254802594304607,24.872485860119532
314,105460.548877871120000,693973177.363724950000000,693973177.363724950000000,-82.754802594437777,25.872485860178415
315,105048.749062883430000,688121775.262073990000000,688121775.262073990000000,-83.004802594502124,26.872485860007522
316,104624.166736871890000,682061830.482579230000000,682061830.482578990000000,-83.504802594731572,27.872485860068970
317,108851.885669142910000,552590170.438080670000000,552590170.438081030000000,-81.772742607204606,25.854960905910264
318,98332.007643587291000,527708464.041962560000000,527708464.041962980000000,-88.728801230324265,29.868945174069523
319,104515.992560262150000,680514435.148626690000000,680514435.148627040000000,-95.754802594612400,28.122485860022625
320,102523.914538612600000,668835343.007428650000000,668835343.007429000000000,-82.258188686818841,26.369000350117467
321,104297.179386474280000,677380923.968973400000000,677380923.968973040000000,-83.504802594420966,28.622485860139655
322,104297.179579909920000,677380926.486573460000000,677380926.486572980000000,-93.004802594762651,28.622485860215974
323,6593.208710883753200,1179096.716443126800000,1179096.716443130000000,-93.120060931199234,29.749995565301052
324,104297.179596405080000,677380926.668994550000000,677380926.668995020000000,-90.754802594459008,28.622485859976972
325,103123.271771388680000,662238868.632513520000000,662238868.632514000000000,-87.754791462922327,29.624121828422815
326,34449.368502426281000,60918925.358151034000000,60918925.358151004000000,-82.848546948893414,29.038173393600410
327,117179.522858936180000,473333933.445055310000000,473333933.445055010000000,-88.974637433708793,29.113084586644835
328,104515.992649317380000,680514436.400378230000000,680514436.400377990000000,-96.254802594577299,28.122485860086666
329,105859.819394987270000,699614576.287752750000000,699614576.287752990000000,-82.754802594804801,24.872485860074271
330,8887.391895494743900,2817338.785483344900000,2817338.785483339800000,-85.374930944951245,29.904995367815030
331,105661.734994707790000,696820214.742352600000000,696820214.742352960000000,-82.504802594487984,25.372485859957983
332,75823.667114008000000,152007969.127397510000000,152007969.127398010000000,-82.845645411233605,27.849908352780975
333,100722.310391396210000,629925011.648787860000000,629925011.648787980000000,-91.259308326530999,29.114786939330781
334,102040.535797445190000,617016718.421784400000000,617016718.421784040000000,-84.246203675879414,29.866203149807507
335,79387.913936948811000,336970104.780890110000000,336970104.780889990000000,-83.940250462111308,25.372532105344117
336,71839.091806842436000,54346310.876482673000000,54346310.876482703000000,-89.297025108350894,29.025468722886483
337,105761.163014042160000,698223990.263575200000000,698223990.263574960000000,-82.004802594621836,25.122485860087664
338,101759.000886301670000,639815368.430531380000000,639815368.430531020000000,-87.752601279865189,30.117405309043395
339,39650.278820385036000,53126490.305543147000000,53126490.305543102000000,-81.859474694219898,26.300225536821117
340,105859.819256865650000,699614574.450331810000000,699614574.450332050000000,-82.004802594828192,24.872485859927483
341,103849.567071788000000,670959724.894474030000000,670959724.894474030000000,-93.254802594608208,29.622485859798061
342,104406.998282374870000,678954125.111524110000000,678954125.111523990000000,-93.254802594465659,28.372485859962325
343,104075.049979152290000,674195953.706616400000000,674195953.706616040000000,-91.754802594694169,29.122485859998228
344,80637.842764454617000,356993830.352289500000000,356993830.352289970000000,-81.066368212229307,24.123442941768069
345,99937.094961978932000,644941067.124920730000000,644941067.124920960000000,-94.501036288876634,29.367803763358289
346,103962.729949625410000,672584232.170976640000000,672584232.170977000000000,-92.504802594541147,29.372485859976909
347,104838.072277481640000,685117778.218406200000000,685117778.218405960000000,-84.004802594566399,27.372485859860934
348,81113.093245559256000,357236203.173015480000000,357236203.173015000000000,-90.064032862236942,28.372580403631254
349,102119.271410781130000,668251025.527028920000000,668251025.527029040000000,-83.255810478922413,29.121479212473979
350,97549.028625397536000,592274847.630863900000000,592274847.630864020000000,-93.746942911561746,29.609335537825370
351,78926.630352374545000,334458430.538291100000000,334458430.538290980000000,-83.939837945078651,24.623376889752528
352,105761.162993233260000,698223989.997165440000000,698223989.997164960000000,-83.504802594482555,25.122485859998857
353,33894.809934351208000,39743873.856170461000000,39743873.856170498000000,-94.427015815845635,29.514905868052384
354,104314.445818759270000,678426315.689681290000000,678426315.689681050000000,-96.254811992922654,27.623430174494047
355,104186.531510224680000,675794858.795014620000000,675794858.795014980000000,-91.504802594760818,28.872485860085007
356,105957.706980260660000,700991941.103871350000000,700991941.103870990000000,-82.504802594714619,24.622485860092720
357,103962.730158452250000,672584234.841463800000000,672584234.841464040000000,-85.004802594683113,29.372485860026316
358,11433.400190975304000,1439386.374152481100000,1439386.374152479900000,-89.613522365911777,29.249449863627831
359,105152.887440489780000,689604237.868626950000000,689604237.868626950000000,-83.004802594462248,26.622485860086478
360,106054.830703414100000,702356081.424084660000000,702356081.424085020000000,-83.254802594597649,24.372485860127245
361,103792.114899124430000,671698785.165701990000000,671698785.165701990000000,-93.754776480608569,28.124122595579870
362,105661.735068231570000,696820215.690064790000000,696820215.690065030000000,-82.754802594635819,25.372485860097907
363,104406.998146812960000,678954123.446755170000000,678954123.446755050000000,-95.004802594584930,28.372485859941058
364,104515.992423679970000,680514433.490018130000000,680514433.490018010000000,-84.504802594671901,28.122485860032878
365,103962.730176898450000,672584235.075453760000000,672584235.075454000000000,-94.004802594600321,29.372485860134926
366,104499.411954139750000,677410951.420760990000000,677410951.420760990000000,-95.505111179392387,28.123070648962468
367,104075.050080444040000,674195955.088731170000000,674195955.088731050000000,-83.754802594724822,29.122485860235052
368,104297.179616870070000,677380926.921530720000000,677380926.921530960000000,-83.254802594620614,28.622485860057520
369,103962.729965066970000,672584232.334200500000000,672584232.334200980000000,-93.004802594617843,29.372485860005156
370,104297.179497599090000,677380925.504751210000000,677380925.504750970000000,-94.004802594484005,28.622485859839074
371,70932.360272132559000,273969433.337025280000000,273969433.337024990000000,-86.267185854574336,30.300424150160350
372,104297.179499441040000,677380925.388234730000000,677380925.388234970000000,-93.254802594709588,28.622485860130944
373,46187.111228018795000,73533885.417186409000000,73533885.417186394000000,-86.064527766875614,30.270986622989298
374,104390.072460097090000,679721425.201265340000000,679721425.201264980000000,-84.254848230572151,27.123741478643723
375,104731.525101304390000,683596284.709655760000000,683596284.709656000000000,-84.254802594570066,27.622485859950640
376,78868.908115399157000,327054565.965882900000000,327054565.965883020000000,-84.439473722275537,27.372373413598496
377,103991.180097494900000,674147666.279167770000000,674147666.279168010000000,-91.004802943498078,28.123672472858814
378,104186.531494936150000,675794858.559561970000000,675794858.559561970000000,-89.754802594701687,28.872485860261818
379,106054.830716371650000,702356081.527740000000000,702356081.527740000000000,-83.004802594314597,24.372485860122513
380,96816.810482566128000,564311753.560560110000000,564311753.560559990000000,-84.743240659043693,29.605465363087578
381,104297.179474343470000,677380925.125436070000000,677380925.125435950000000,-92.754802594902145,28.622485860019992
382,104624.166589429660000,682061828.316849830000000,682061828.316849950000000,-83.754802594860294,27.872485860060067
383,104075.049929565780000,674195953.132913230000000,674195953.132912990000000,-84.004802594806733,29.122485860273432
384,104406.998295928730000,678954125.468858240000000,678954125.468858000000000,-94.754802594521507,28.372485860012510
385,105256.230588623760000,691073636.955579280000000,691073636.955579040000000,-82.754802594463939,26.372485860014276
386,104297.179572854000000,677380926.443768500000000,677380926.443768980000000,-84.004802594717574,28.622485859749197
387,103992.092034527620000,674058384.711715940000000,674058384.711716060000000,-91.254802943627297,28.123670399313887
388,43572.920094033383000,23187386.107460007000000,23187386.107460000000000,-93.471222157704332,29.753314720581702
389,81066.338507386943000,357897834.283093150000000,357897834.283092980000000,-96.564503916017955,27.372565232655763
390,105957.707048491240000,700991942.027795430000000,700991942.027794960000000,-83.004802594651508,24.622485860109158
391,103498.555700181340000,667175298.380891680000000,667175298.380892040000000,-88.754825753193174,29.123785989329750
392,104265.010329229230000,677813542.701703190000000,677813542.701702950000000,-95.754812001472388,27.623542100707311
393,89827.876285803985000,434815375.042361500000000,434815375.042361970000000,-82.546971400973050,27.107018266864127
394,103997.595133675900000,674126198.808263420000000,674126198.808262940000000,-92.754802943350015,28.123657957167605
395,105358.783197373880000,692529959.078078870000000,692529959.078078990000000,-82.754802594459079,26.122485860003408
396,105859.819137316750000,699614572.822755810000000,699614572.822756050000000,-83.254802594610993,24.872485859986774
397,105957.707151221080000,700991943.340844150000000,700991943.340844040000000,-81.254802594404254,24.622485860013793
398,81126.879147622240000,362076077.928341570000000,362076077.928341980000000,-81.065363131690830,24.372461631080565
399,105859.819203452930000,699614573.740563390000000,699614573.740563040000000,-82.254802594718129,24.872485859875464
400,104075.049914718840000,674195952.981205220000000,674195952.981204990000000,-84.754802594562207,29.122485859968155
401,80499.870760999154000,354736096.103497920000000,354736096.103497980000000,-89.063314429584409,28.624530388615266
402,105924.302647722070000,699936412.309109210000000,699936412.309108970000000,-83.504694710279296,24.622692881894000
403,105561.531695630560000,695403271.979872700000000,695403271.979872940000000,-81.504802594614986,25.622485860184185
404,103962.730101945240000,672584234.149580960000000,672584234.149580960000000,-83.754802594218930,29.372485860135630
405,101374.604841101970000,666165065.206765170000000,666165065.206765060000000,-89.003673740459249,29.373063574498826
406,105561.531517309820000,695403269.626990910000000,695403269.626991030000000,-83.754802594543364,25.622485860107858
407,103620.691818977650000,667672436.746393200000000,667672436.746392970000000,-87.504802594869162,30.122485860080975
408,20669.636528426214000,21781129.625757542000000,21781129.625757501000000,-84.661292536411679,29.762575476403867
409,104186.531494643790000,675794858.512769940000000,675794858.512770060000000,-94.504802594519575,28.872485859927508
410,60205.880716811509000,190650773.208204720000000,190650773.208205010000000,-81.067199763843263,25.064260298643759
411,96885.850819528539000,582698349.280889150000000,582698349.280889030000000,-93.012741577511036,29.607377742283905
412,87436.715476569152000,387079669.810217920000000,387079669.810217980000000,-85.776961513173532,30.076873126040621
413,103962.730021508850000,672584232.956049680000000,672584232.956050040000000,-84.504802594497590,29.372485859886474
414,105561.531665481890000,695403271.593727950000000,695403271.593727950000000,-82.004802594447725,25.622485859980333
415,106762.343988891170000,666295257.568026900000000,666295257.568027020000000,-89.253221438332048,28.870959832694737
416,92666.176976604227000,448217792.969094690000000,448217792.969094990000000,-82.795524215527195,28.382600989472074
417,106003.131453359090000,701796936.146131990000000,701796936.146131990000000,-82.504793145956924,24.122824814158040
418,103584.051187027410000,668644667.324792270000000,668644667.324792030000000,-85.254820947908740,28.624096140127055
419,104297.179510025710000,677380925.614090680000000,677380925.614091040000000,-91.754802594648467,28.622485859992757
420,103271.187636293430000,663958197.424807190000000,663958197.424806950000000,-86.754779600702307,29.623788668921947
421,106126.616416799170000,703389886.114631300000000,703389886.114631060000000,-81.254793167381393,24.122542126444085
422,103962.730135236580000,672584234.472059010000000,672584234.472059010000000,-84.754802594316487,29.372485859851402
423,104016.832728213600000,673943662.341599460000000,673943662.341598990000000,-89.754883624643909,28.623119261491027
424,104838.072192642710000,685117777.186347250000000,685117777.186347010000000,-83.754802594520498,27.372485859970258
425,104973.500100431410000,682653424.729134680000000,682653424.729135040000000,-84.004441485617519,27.123225386577623
426,104731.525251933980000,683596286.661906480000000,683596286.661906000000000,-83.504802594816852,27.622485860159848
427,80846.243553505468000,353961114.042486310000000,353961114.042486010000000,-95.564932812677327,27.872368210526442
428,104731.525163045980000,683596285.453898190000000,683596285.453897950000000,-83.754802594632906,27.622485859916154
429,105152.887245842020000,689604235.222705600000000,689604235.222705960000000,-97.004802594526581,26.622485860163557
430,92025.038712883455000,505411549.422493100000000,505411549.422492980000000,-97.223905974614951,27.362234837270424
431,86065.025070675605000,375460473.308099930000000,375460473.308099990000000,-96.726249892407949,28.077273367808040
432,104838.072251092420000,685117777.937879680000000,685117777.937880040000000,-97.004802594293224,27.372485860230981
433,105460.548910470530000,693973177.792907600000000,693973177.792907950000000,-83.004802594554747,25.872485860177676
434,97600.596525300643000,518013534.207015870000000,518013534.207015990000000,-83.525993201179958,29.606252389023084
435,103735.555827058430000,669322448.806425090000000,669322448.806424980000000,-88.504802594409739,29.872485860044911
436,105048.749315355240000,688121778.511528850000000,688121778.511528970000000,-96.754802594447128,26.872485860103016
437,104297.179556554470000,677380926.232444760000000,677380926.232445000000000,-91.254802594422031,28.622485860403557
438,104515.992710579540000,680514437.176469800000000,680514437.176470040000000,-96.004802594425016,28.122485860264490
439,105859.819383106720000,699614576.152617220000000,699614576.152616980000000,-81.754802594669869,24.872485860042914
440,105561.531532109610000,695403269.712632180000000,695403269.712631940000000,-83.254802594639301,25.622485859981008
441,102441.337070440820000,666763491.915600180000000,666763491.915599940000000,-85.505547668131683,29.621792983039022
442,104075.050026310360000,674195954.302165630000000,674195954.302165990000000,-94.504802594617885,29.122485860097321
443,104515.992653787830000,680514436.546246530000000,680514436.546247010000000,-83.254802594475251,28.122485860160673
444,104186.531632736850000,675794860.303007130000000,675794860.303007010000000,-84.254802594508078,28.872485860180383
445,104075.049986044280000,674195953.847936630000000,674195953.847936990000000,-89.754802594727408,29.122485860061563
446,105358.783173055970000,692529958.814574120000000,692529958.814574000000000,-82.004802594735509,26.122485859933839
447,105152.887355998650000,689604236.709529400000000,689604236.709529040000000,-83.504802594441614,26.622485860168393
448,104297.179556240410000,677380926.082485560000000,677380926.082486030000000,-95.004802594598317,28.622485859863581
449,103928.892332137360000,673279292.453007340000000,673279292.453006980000000,-93.254776545636332,28.123813330336340
450,231.051555918996940,2237.291689453960300,2237.291689453959900,-88.065088946728707,30.247624589047287
451,104624.166784238070000,682061830.960986260000000,682061830.960986020000000,-84.754802594529380,27.872485859706540
452,104075.050068878320000,674195954.878068450000000,674195954.878067970000000,-92.504802594335359,29.122485860075052
453,104186.531680973140000,675794860.981807710000000,675794860.981807950000000,-92.004802594452130,28.872485859857697
454,56696.360365598564000,127301374.969937400000000,127301374.969937000000000,-89.767738264605470,29.272480065031012
455,105256.230687303150000,691073638.278448220000000,691073638.278447990000000,-96.754802594811352,26.372485860070064
456,104297.179573414860000,677380926.365089650000000,677380926.365090010000000,-84.254802594788501,28.622485859978944
457,103849.566914795670000,670959722.764492510000000,670959722.764492990000000,-84.504802594545524,29.622485859958193
458,103620.691923672170000,667672438.141457800000000,667672438.141458030000000,-86.254802594598743,30.122485860157568
459,103849.566898761870000,670959722.611409540000000,670959722.611410020000000,-88.504802594577285,29.622485860125817
460,105152.887205299400000,689604234.686238290000000,689604234.686238050000000,-82.754802594409568,26.622485859972283
461,105256.230586320070000,691073636.884226080000000,691073636.884225960000000,-97.004802594549531,26.372485859906057
462,104297.179556979890000,677380926.194272640000000,677380926.194272990000000,-83.004802594741662,28.622485859949059
463,105460.548895170870000,693973177.519573930000000,693973177.519574050000000,-83.504802594574556,25.872485859856297
464,99077.252890094198000,546918730.629602190000000,546918730.629601960000000,-89.522010475152285,29.105790298748019
465,99607.793599177225000,626619309.197584870000000,626619309.197584990000000,-88.250790858669475,30.115207788107426
466,105953.737641232510000,701159761.346881030000000,701159761.346881030000000,-83.004793137460368,24.122937889103191
467,103735.555821666860000,669322448.627537010000000,669322448.627537010000000,-87.754802594731231,29.872485859869144
468,81069.593863637710000,360949802.027811110000000,360949802.027810990000000,-81.065438531944935,24.622461479754165
469,104297.179405828330000,677380924.299272300000000,677380924.299271940000000,-93.754802594448265,28.622485860103438
470,109798.245829762770000,671657118.996820930000000,671657118.996821050000000,-94.504813158672007,28.124131384006002
471,104075.050087985740000,674195955.166834240000000,674195955.166834000000000,-93.504802594467634,29.122485860279820
472,105957.707258094450000,700991944.788190840000000,700991944.788190960000000,-82.004802594742600,24.622485859711364
473,105152.887248754410000,689604235.322323320000000,689604235.322322960000000,-82.504802594628231,26.622485860029617
474,79546.750411454981000,337224858.715192200000000,337224858.715192020000000,-83.941060824568709,26.872532099262269
475,113683.992039754860000,625584173.103420260000000,625584173.103420020000000,-88.006101897026880,30.114757588935831
476,105978.434558053650000,701478348.733834270000000,701478348.733834030000000,-82.754793141444509,24.122881351564512
477,103995.760844606980000,674103595.104128120000000,674103595.104128000000000,-92.254802943477060,28.123662104187719
478,104406.998288509840000,678954125.365247010000000,678954125.365247010000000,-84.004802594384543,28.372485860111507
479,104406.998145852470000,678954123.294479250000000,678954123.294479010000000,-83.504802594592149,28.372485860162307
480,102946.481138483710000,672182536.851103070000000,672182536.851102950000000,-94.754459008817108,29.122131918715375
481,105048.749143307070000,688121776.300570960000000,688121776.300570960000000,-82.754802594636729,26.872485860092009
482,105661.735166307340000,696820217.030259850000000,696820217.030259970000000,-82.004802594495700,25.372485860132862
483,106054.830501453250000,702356078.685421230000000,702356078.685420990000000,-81.504802594584703,24.372485859991670
484,90802.494202032423000,468668830.862836600000000,468668830.862837020000000,-85.259376604299732,29.585417850522617
485,100578.998550136620000,572779176.468729850000000,572779176.468729970000000,-95.242043118397930,28.857123159859569
486,78556.885362875328000,320680435.859067440000000,320680435.859067020000000,-85.939401152780675,29.372536357351336
487,102583.593286436340000,668175322.438443420000000,668175322.438442950000000,-88.754312162222888,29.622006501812169
488,105152.887268353250000,689604235.496392610000000,689604235.496392970000000,-83.254802594539171,26.622485860114189
489,102676.979967839580000,675502696.090897680000000,675502696.090898040000000,-96.503975798036691,28.121626716821645
490,104186.531582065630000,675794859.643933060000000,675794859.643933060000000,-93.504802594431766,28.872485860193638
491,87781.404713332275000,442230700.935077490000000,442230700.935077010000000,-97.211885708332957,26.633643633339307
492,104515.992620396470000,680514436.067296500000000,680514436.067296980000000,-84.754802594545779,28.122485859789386
493,104515.992684861180000,680514436.825439930000000,680514436.825440050000000,-83.504802594646151,28.122485859916747
494,104406.998335093170000,678954125.940453050000000,678954125.940453050000000,-90.254802594510252,28.372485859967767
495,104186.531742984390000,675794861.706673860000000,675794861.706673980000000,-90.254802594468813,28.872485859990036
496,87234.105426785667000,437446149.566315170000000,437446149.566315000000000,-91.511258891367319,29.329510973826157
497,41816.371862103821000,68691985.102498636000000,68691985.102498606000000,-82.597899450583768,27.291468730310740
498,104297.179646495130000,677380927.385649800000000,677380927.385650040000000,-95.254802594513109,28.622485859972915
499,106052.531036895030000,702543736.114224670000000,702543736.114225030000000,-82.004793154533075,24.122711739540566
500,64584.648079776598000,185273829.920590370000000,185273829.920590010000000,-87.250003358865925,30.282501552504556
501,70755.811192926252000,239803136.264445070000000,239803136.264445010000000,-95.981456091580739,28.546362189126626
502,103646.197080035810000,670597899.805146460000000,670597899.805145980000000,-93.504747848857448,29.622426250469999
503,104186.531555540660000,675794859.318500280000000,675794859.318500040000000,-91.754802594521166,28.872485860062667
504,104406.998371000780000,678954126.421264890000000,678954126.421265010000000,-92.754802594680399,28.372485860109261
505,79070.914954262582000,329194643.603208070000000,329194643.603208010000000,-84.940270469983233,28.122448892218681
506,79416.672930751825000,337031942.315848110000000,337031942.315847990000000,-83.940384692545379,25.622532077416924
507,71953.660390143050000,282352975.016998410000000,282352975.016997990000000,-86.995753570440684,30.301299451254419
508,104838.072296684210000,685117778.496363280000000,685117778.496363040000000,-83.004802594656070,27.372485860023929
509,36424.515425346515000,25353819.401112203000000,25353819.401112199000000,-88.890186989869136,30.173984611962918
510,105859.819300287740000,699614575.011337760000000,699614575.011338000000000,-83.004802594921273,24.872485860119745
511,78454.773498650044000,241642570.354843140000000,241642570.354842990000000,-94.697368724891533,29.322093218304897
512,96722.845882104855000,583018683.306787490000000,583018683.306787010000000,-96.243445114179522,28.357698424814966
513,104406.998376492640000,678954126.294547560000000,678954126.294548030000000,-91.004802594774688,28.372485859977324
514,80954.160299063718000,356278842.427056190000000,356278842.427056010000000,-96.564941650701826,27.122646904566587
515,105957.707088325250000,700991942.582431440000000,700991942.582430960000000,-82.754802594626966,24.622485860145918
516,104297.179577452130000,677380926.459902410000000,677380926.459902050000000,-84.504802594752292,28.622485860110903
517,104406.998229032620000,678954124.511704680000000,678954124.511705040000000,-83.004802594657079,28.372485860024391
518,103864.097257245450000,672522271.529561880000000,672522271.529562000000000,-95.004822448391010,28.123970591604657
519,79049.580429054593000,329171497.818870010000000,329171497.818870010000000,-84.940129511675664,27.872615785475777
520,104297.179359531740000,677380923.678438190000000,677380923.678437950000000,-92.254802594552245,28.622485860189911
521,104406.998347753300000,678954126.062259670000000,678954126.062260030000000,-95.504802594788700,28.372485860259399
522,103962.729901848800000,672584231.411078450000000,672584231.411077980000000,-85.754802594736702,29.372485859877990
523,105957.707109049850000,700991942.812273260000000,700991942.812273030000000,-83.254802594630334,24.622485859946085
524,104186.531657602780000,675794860.536737920000000,675794860.536738040000000,-84.004802594772841,28.872485860136489
525,105661.735003354280000,696820214.758873220000000,696820214.758872990000000,-81.754802594355041,25.372485860106519
526,96627.227420866111000,564302749.562530640000000,564302749.562530990000000,-89.990759404427422,29.106499322276292
527,80533.466966998240000,355687795.337831320000000,355687795.337831020000000,-96.564974564605095,26.123721737213042
528,105460.548846376810000,693973176.862236500000000,693973176.862236980000000,-83.754802594269520,25.872485859958473
529,105683.254491417890000,697470168.232353330000000,697470168.232352970000000,-83.754753256177281,24.623113191158410
530,103962.730092739630000,672584234.028763060000000,672584234.028763060000000,-85.504802594680527,29.372485859760594
531,105929.040747967840000,700841174.632704260000000,700841174.632704020000000,-83.254793133169628,24.122994426603846
532,104406.998406275230000,678954126.720221880000000,678954126.720222000000000,-92.254802594776706,28.372485860204058
533,74299.866469271190000,219801193.713910070000000,219801193.713910010000000,-81.838092869606498,26.107012341070917
534,79972.708458488909000,346130522.141892550000000,346130522.141893030000000,-88.064758713238732,29.124285785762019
535,105761.162987887890000,698223989.955166100000000,698223989.955165980000000,-82.754802594678026,25.122485860220056
536,104297.179387542620000,677380924.009551640000000,677380924.009552000000000,-95.504802594572368,28.622485859962030